+--------+---------------+
| userID | Total Reviews |
+--------+---------------+
|   1    |      179      |
|   2    |       40      |
|   3    |       36      |
|   4    |       15      |
|   5    |       98      |
|   6    |      120      |
|   7    |      243      |
|   8    |       40      |
|   9    |       13      |
|   10   |      112      |
|   11   |      108      |
|   12   |       36      |
|   13   |      380      |
|   14   |       58      |
|   15   |       57      |
|   16   |       77      |
|   17   |       14      |
|   18   |      167      |
|   19   |       15      |
|   20   |       29      |
|   21   |      111      |
|   22   |       82      |
|   23   |       87      |
|   24   |       41      |
|   25   |       47      |
|   26   |       77      |
|   27   |       15      |
|   28   |       43      |
|   29   |       16      |
|   30   |       27      |
|   31   |       20      |
|   32   |       30      |
|   33   |       13      |
|   34   |       15      |
|   35   |       15      |
|   36   |       7       |
|   37   |       34      |
|   38   |       73      |
|   39   |       13      |
|   40   |       19      |
|   41   |       31      |
|   42   |      122      |
|   43   |      123      |
|   44   |       89      |
|   45   |       30      |
|   46   |       21      |
|   47   |       15      |
|   48   |       34      |
|   49   |      130      |
|   50   |       14      |
|   51   |       13      |
|   52   |       36      |
|   53   |       20      |
|   54   |       43      |
|   55   |       15      |
|   56   |       98      |
|   57   |       58      |
|   58   |       92      |
|   59   |      235      |
|   60   |      129      |
|   61   |       10      |
|   62   |      129      |
|   63   |       61      |
|   64   |      125      |
|   65   |       53      |
|   66   |       21      |
|   67   |       17      |
|   68   |       21      |
|   69   |       40      |
|   70   |       80      |
|   71   |       26      |
|   72   |       86      |
|   73   |       50      |
|   74   |       26      |
|   75   |       43      |
|   76   |       59      |
|   77   |       44      |
|   78   |       14      |
|   79   |       30      |
|   80   |       16      |
|   81   |       40      |
|   82   |       99      |
|   83   |       94      |
|   84   |       37      |
|   85   |      167      |
|   86   |       10      |
|   87   |      119      |
|   88   |       12      |
|   89   |       40      |
|   90   |      175      |
|   91   |       44      |
|   92   |      224      |
|   93   |       9       |
|   94   |      236      |
|   95   |      170      |
|   96   |       31      |
|   97   |       35      |
|   98   |       13      |
|   99   |       80      |
|  100   |       34      |
|  101   |       41      |
|  102   |      125      |
|  103   |       20      |
|  104   |       60      |
|  105   |       16      |
|  106   |       36      |
|  107   |       11      |
|  108   |       22      |
|  109   |      142      |
|  110   |       91      |
|  111   |       11      |
|  112   |       30      |
|  113   |       23      |
|  114   |       34      |
|  115   |       47      |
|  116   |       85      |
|  117   |       51      |
|  118   |       38      |
|  119   |      118      |
|  120   |       15      |
|  121   |       39      |
|  122   |       38      |
|  123   |       29      |
|  124   |       17      |
|  125   |      113      |
|  126   |       30      |
|  127   |       15      |
|  128   |      103      |
|  129   |       17      |
|  130   |      213      |
|  131   |       19      |
|  132   |       11      |
|  133   |       13      |
|  134   |       18      |
|  135   |       37      |
|  136   |       20      |
|  137   |       28      |
|  138   |       26      |
|  139   |       16      |
|  140   |       7       |
|  141   |       65      |
|  142   |       18      |
|  143   |       10      |
|  144   |      120      |
|  145   |      197      |
|  146   |       21      |
|  147   |       12      |
|  148   |       42      |
|  149   |       23      |
|  150   |       14      |
|  151   |      196      |
|  152   |       56      |
|  153   |       14      |
|  154   |       31      |
|  155   |       16      |
|  156   |       24      |
|  157   |       29      |
|  158   |      109      |
|  159   |       76      |
|  160   |       67      |
|  161   |       41      |
|  162   |       21      |
|  163   |       15      |
|  164   |       36      |
|  165   |       17      |
|  166   |       16      |
|  167   |       40      |
|  168   |       42      |
|  169   |       19      |
|  170   |       12      |
|  171   |       13      |
|  172   |       13      |
|  173   |       25      |
|  174   |      106      |
|  175   |       23      |
|  176   |       38      |
|  177   |       63      |
|  178   |      165      |
|  179   |       22      |
|  180   |       34      |
|  181   |      268      |
|  182   |       19      |
|  183   |       29      |
|  184   |      149      |
|  185   |       33      |
|  186   |       48      |
|  187   |       31      |
|  188   |       67      |
|  189   |      107      |
|  190   |       31      |
|  191   |       21      |
|  192   |       25      |
|  193   |       77      |
|  194   |      193      |
|  195   |       55      |
|  196   |       30      |
|  197   |       75      |
|  198   |      109      |
|  199   |       26      |
|  200   |      132      |
|  201   |      252      |
|  202   |       18      |
|  203   |       29      |
|  204   |       29      |
|  205   |       10      |
|  206   |       41      |
|  207   |      132      |
|  208   |       23      |
|  209   |       21      |
|  210   |       69      |
|  211   |       19      |
|  212   |       16      |
|  213   |       72      |
|  214   |       67      |
|  215   |       49      |
|  216   |       84      |
|  217   |       35      |
|  218   |       33      |
|  219   |       16      |
|  220   |       14      |
|  221   |       88      |
|  222   |      226      |
|  223   |       72      |
|  224   |       67      |
|  225   |       16      |
|  226   |       29      |
|  227   |       37      |
|  228   |       10      |
|  229   |       21      |
|  230   |       73      |
|  231   |       11      |
|  232   |       46      |
|  233   |       75      |
|  234   |      278      |
|  235   |       58      |
|  236   |       63      |
|  237   |       28      |
|  238   |       18      |
|  239   |       95      |
|  240   |       13      |
|  241   |       17      |
|  242   |       15      |
|  243   |       48      |
|  244   |      154      |
|  245   |       15      |
|  246   |      119      |
|  247   |       14      |
|  248   |       26      |
|  249   |       93      |
|  250   |       67      |
|  251   |       41      |
|  252   |       11      |
|  253   |       60      |
|  254   |       91      |
|  255   |       54      |
|  256   |      132      |
|  257   |       31      |
|  258   |       13      |
|  259   |       23      |
|  260   |       15      |
|  261   |       16      |
|  262   |       85      |
|  263   |       73      |
|  264   |       74      |
|  265   |       26      |
|  266   |       14      |
|  267   |      107      |
|  268   |      199      |
|  269   |      198      |
|  270   |       89      |
|  271   |      160      |
|  272   |       28      |
|  273   |       11      |
|  274   |       46      |
|  275   |       47      |
|  276   |      303      |
|  277   |       31      |
|  278   |       9       |
|  279   |      269      |
|  280   |      152      |
|  281   |       15      |
|  282   |       15      |
|  283   |       31      |
|  284   |       37      |
|  285   |       17      |
|  286   |      174      |
|  287   |       39      |
|  288   |       42      |
|  289   |       15      |
|  290   |       92      |
|  291   |      172      |
|  292   |       67      |
|  293   |      234      |
|  294   |       96      |
|  295   |      118      |
|  296   |       92      |
|  297   |      112      |
|  298   |       72      |
|  299   |      180      |
|  300   |       11      |
|  301   |      179      |
|  302   |       11      |
|  303   |      284      |
|  304   |       15      |
|  305   |      146      |
|  306   |       17      |
|  307   |       69      |
|  308   |      237      |
|  309   |       7       |
|  310   |       18      |
|  311   |      175      |
|  312   |      125      |
|  313   |      142      |
|  314   |      143      |
|  315   |       46      |
|  316   |       51      |
|  317   |       10      |
|  318   |      105      |
|  319   |       13      |
|  320   |       93      |
|  321   |       69      |
|  322   |       37      |
|  323   |       58      |
|  324   |       38      |
|  325   |       81      |
|  326   |      124      |
|  327   |      170      |
|  328   |      173      |
|  329   |       40      |
|  330   |       83      |
|  331   |       46      |
|  332   |      106      |
|  333   |       14      |
|  334   |      212      |
|  335   |       12      |
|  336   |       78      |
|  337   |       23      |
|  338   |       42      |
|  339   |      167      |
|  340   |       27      |
|  341   |       10      |
|  342   |      127      |
|  343   |      146      |
|  344   |      121      |
|  345   |      137      |
|  346   |      119      |
|  347   |      117      |
|  348   |       37      |
|  349   |       29      |
|  350   |       33      |
|  351   |       32      |
|  352   |       31      |
|  353   |       13      |
|  354   |      151      |
|  355   |       12      |
|  356   |       13      |
|  357   |       47      |
|  358   |       25      |
|  359   |       13      |
|  360   |       62      |
|  361   |       74      |
|  362   |       14      |
|  363   |      191      |
|  364   |       16      |
|  365   |       38      |
|  366   |       22      |
|  367   |       36      |
|  368   |       22      |
|  369   |       13      |
|  370   |       44      |
|  371   |       35      |
|  372   |       36      |
|  373   |      142      |
|  374   |      175      |
|  375   |       21      |
|  376   |       16      |
|  377   |       20      |
|  378   |      232      |
|  379   |      118      |
|  380   |       98      |
|  381   |       80      |
|  382   |       30      |
|  383   |       41      |
|  384   |       13      |
|  385   |      164      |
|  386   |       8       |
|  387   |      184      |
|  388   |       27      |
|  389   |      173      |
|  390   |       13      |
|  391   |       69      |
|  392   |       73      |
|  393   |      281      |
|  394   |       88      |
|  395   |       33      |
|  396   |       31      |
|  397   |       59      |
|  398   |       96      |
|  399   |      195      |
|  400   |       13      |
|  401   |       86      |
|  402   |       44      |
|  403   |       32      |
|  404   |       24      |
|  405   |      458      |
|  406   |      207      |
|  407   |      150      |
|  408   |       18      |
|  409   |      123      |
|  410   |       14      |
|  411   |       39      |
|  412   |       28      |
|  413   |       33      |
|  414   |       15      |
|  415   |       19      |
|  416   |      309      |
|  417   |      222      |
|  418   |       15      |
|  419   |       17      |
|  420   |       28      |
|  421   |       27      |
|  422   |       58      |
|  423   |       38      |
|  424   |       29      |
|  425   |      132      |
|  426   |       63      |
|  427   |       19      |
|  428   |       39      |
|  429   |      253      |
|  430   |       41      |
|  431   |       12      |
|  432   |       43      |
|  433   |       31      |
|  434   |       25      |
|  435   |      209      |
|  436   |       82      |
|  437   |      158      |
|  438   |       16      |
|  439   |       20      |
|  440   |       28      |
|  441   |       15      |
|  442   |       89      |
|  443   |       12      |
|  444   |       17      |
|  445   |       74      |
|  446   |       19      |
|  447   |       92      |
|  448   |       23      |
|  449   |       36      |
|  450   |      320      |
|  451   |       55      |
|  452   |      134      |
|  453   |      105      |
|  454   |      132      |
|  455   |      120      |
|  456   |      144      |
|  457   |      169      |
|  458   |      112      |
|  459   |       69      |
|  460   |       42      |
|  461   |       12      |
|  462   |       20      |
|  463   |       78      |
|  464   |       34      |
|  465   |       45      |
|  466   |       65      |
|  467   |       22      |
|  468   |       82      |
|  469   |       25      |
|  470   |       29      |
|  471   |       20      |
|  472   |      150      |
|  473   |       24      |
|  474   |      202      |
|  475   |       11      |
|  476   |       56      |
|  477   |       20      |
|  478   |       67      |
|  479   |      108      |
|  480   |       41      |
|  481   |       30      |
|  482   |       15      |
|  483   |       38      |
|  484   |       85      |
|  485   |       14      |
|  486   |      111      |
|  487   |      156      |
|  488   |       95      |
|  489   |       60      |
|  490   |       36      |
|  491   |       18      |
|  492   |       30      |
|  493   |       79      |
|  494   |       28      |
|  495   |      136      |
|  496   |       74      |
|  497   |      174      |
|  498   |       87      |
|  499   |       62      |
|  500   |      140      |
|  501   |       48      |
|  502   |       25      |
|  503   |       96      |
|  504   |      153      |
|  505   |       62      |
|  506   |      137      |
|  507   |       34      |
|  508   |       52      |
|  509   |       25      |
|  510   |       19      |
|  511   |       11      |
|  512   |       13      |
|  513   |       15      |
|  514   |      105      |
|  515   |       20      |
|  516   |       16      |
|  517   |       24      |
|  518   |       44      |
|  519   |       31      |
|  520   |       11      |
|  521   |       87      |
|  522   |       17      |
|  523   |       60      |
|  524   |      172      |
|  525   |       33      |
|  526   |       39      |
|  527   |       83      |
|  528   |       38      |
|  529   |       29      |
|  530   |       26      |
|  531   |       20      |
|  532   |      168      |
|  533   |      148      |
|  534   |       54      |
|  535   |      135      |
|  536   |      103      |
|  537   |      299      |
|  538   |       38      |
|  539   |       32      |
|  540   |       40      |
|  541   |       85      |
|  542   |       81      |
|  543   |      122      |
|  544   |       23      |
|  545   |       89      |
|  546   |       32      |
|  547   |       9       |
|  548   |       88      |
|  549   |       16      |
|  550   |       24      |
|  551   |      197      |
|  552   |       52      |
|  553   |       52      |
|  554   |       77      |
|  555   |       33      |
|  556   |       26      |
|  557   |       29      |
|  558   |       14      |
|  559   |       55      |
|  560   |       72      |
|  561   |      214      |
|  562   |       39      |
|  563   |       20      |
|  564   |       22      |
|  565   |       20      |
|  566   |       80      |
|  567   |       84      |
|  568   |       58      |
|  569   |       42      |
|  570   |       9       |
|  571   |       9       |
|  572   |       9       |
|  573   |       28      |
|  574   |       26      |
|  575   |       19      |
|  576   |       15      |
|  577   |      120      |
|  578   |       8       |
|  579   |       49      |
|  580   |       32      |
|  581   |       16      |
|  582   |       41      |
|  583   |       17      |
|  584   |       16      |
|  585   |       46      |
|  586   |      100      |
|  587   |       59      |
|  588   |      134      |
|  589   |       20      |
|  590   |       28      |
|  591   |       52      |
|  592   |      229      |
|  593   |       94      |
|  594   |       14      |
|  595   |       61      |
|  596   |       11      |
|  597   |       24      |
|  598   |       12      |
|  599   |       35      |
|  600   |       54      |
|  601   |       87      |
|  602   |       21      |
|  603   |       29      |
|  604   |       13      |
|  605   |       44      |
|  606   |      146      |
|  607   |       15      |
|  608   |      111      |
|  609   |       17      |
|  610   |       47      |
|  611   |       21      |
|  612   |       16      |
|  613   |       17      |
|  614   |       28      |
|  615   |       70      |
|  616   |       24      |
|  617   |       61      |
|  618   |      119      |
|  619   |       57      |
|  620   |       59      |
|  621   |      100      |
|  622   |      132      |
|  623   |       24      |
|  624   |       87      |
|  625   |       63      |
|  626   |       17      |
|  627   |      112      |
|  628   |       16      |
|  629   |       67      |
|  630   |       65      |
|  631   |       14      |
|  632   |       69      |
|  633   |       32      |
|  634   |       78      |
|  635   |       18      |
|  636   |       11      |
|  637   |       61      |
|  638   |       41      |
|  639   |       87      |
|  640   |       68      |
|  641   |       26      |
|  642   |      191      |
|  643   |      115      |
|  644   |       24      |
|  645   |       71      |
|  646   |       25      |
|  647   |       26      |
|  648   |      173      |
|  649   |       17      |
|  650   |      195      |
|  651   |       15      |
|  652   |       12      |
|  653   |      178      |
|  654   |       99      |
|  655   |      410      |
|  656   |       14      |
|  657   |       19      |
|  658   |       42      |
|  659   |      111      |
|  660   |      137      |
|  661   |       70      |
|  662   |       12      |
|  663   |       91      |
|  664   |       91      |
|  665   |       91      |
|  666   |      148      |
|  667   |       29      |
|  668   |       31      |
|  669   |       51      |
|  670   |       27      |
|  671   |       67      |
|  672   |       14      |
|  673   |       16      |
|  674   |       20      |
|  675   |       21      |
|  676   |       40      |
|  677   |       30      |
|  678   |       19      |
|  679   |       37      |
|  680   |       30      |
|  681   |       13      |
|  682   |      238      |
|  683   |       51      |
|  684   |       53      |
|  685   |       14      |
|  686   |       37      |
|  687   |       12      |
|  688   |       16      |
|  689   |       26      |
|  690   |       81      |
|  691   |       16      |
|  692   |       24      |
|  693   |       90      |
|  694   |       85      |
|  695   |       24      |
|  696   |       20      |
|  697   |       67      |
|  698   |       68      |
|  699   |       91      |
|  700   |       11      |
|  701   |       21      |
|  702   |       18      |
|  703   |       29      |
|  704   |       55      |
|  705   |       81      |
|  706   |       20      |
|  707   |      147      |
|  708   |       70      |
|  709   |       85      |
|  710   |       56      |
|  711   |      129      |
|  712   |       93      |
|  713   |       20      |
|  714   |       26      |
|  715   |      100      |
|  716   |      156      |
|  717   |       56      |
|  718   |       27      |
|  719   |       39      |
|  720   |       18      |
|  721   |       95      |
|  722   |       22      |
|  723   |       13      |
|  724   |       46      |
|  725   |       17      |
|  726   |       13      |
|  727   |      176      |
|  728   |       16      |
|  729   |       10      |
|  730   |       18      |
|  731   |       60      |
|  732   |       12      |
|  733   |       67      |
|  734   |       36      |
|  735   |       31      |
|  736   |       15      |
|  737   |       26      |
|  738   |       89      |
|  739   |       23      |
|  740   |       8       |
|  741   |       56      |
|  742   |       20      |
|  743   |       18      |
|  744   |       16      |
|  745   |       29      |
|  746   |       40      |
|  747   |      185      |
|  748   |       59      |
|  749   |      191      |
|  750   |       17      |
|  751   |      104      |
|  752   |       53      |
|  753   |       31      |
|  754   |       19      |
|  755   |       19      |
|  756   |       58      |
|  757   |       94      |
|  758   |      224      |
|  759   |       17      |
|  760   |       26      |
|  761   |       47      |
|  762   |       13      |
|  763   |       80      |
|  764   |       64      |
|  765   |       13      |
|  766   |       95      |
|  767   |       21      |
|  768   |       39      |
|  769   |       18      |
|  770   |       40      |
|  771   |       46      |
|  772   |       19      |
|  773   |      103      |
|  774   |      118      |
|  775   |       16      |
|  776   |       65      |
|  777   |       22      |
|  778   |       37      |
|  779   |       27      |
|  780   |       37      |
|  781   |       25      |
|  782   |      139      |
|  783   |       20      |
|  784   |       28      |
|  785   |       11      |
|  786   |       77      |
|  787   |       32      |
|  788   |      135      |
|  789   |       17      |
|  790   |      149      |
|  791   |       14      |
|  792   |       33      |
|  793   |       32      |
|  794   |       19      |
|  795   |      104      |
|  796   |      212      |
|  797   |       19      |
|  798   |      140      |
|  799   |       12      |
|  800   |       13      |
|  801   |       18      |
|  802   |       36      |
|  803   |       23      |
|  804   |      193      |
|  805   |      176      |
|  806   |       77      |
|  807   |      122      |
|  808   |       14      |
|  809   |       10      |
|  810   |       14      |
|  811   |       11      |
|  812   |       13      |
|  813   |       16      |
|  814   |       21      |
|  815   |      113      |
|  816   |       16      |
|  817   |       18      |
|  818   |       14      |
|  819   |       20      |
|  820   |       9       |
|  821   |       38      |
|  822   |       11      |
|  823   |      118      |
|  824   |       12      |
|  825   |       85      |
|  826   |       73      |
|  827   |       18      |
|  828   |       61      |
|  829   |       33      |
|  830   |       60      |
|  831   |       38      |
|  832   |       11      |
|  833   |      170      |
|  834   |       28      |
|  835   |       51      |
|  836   |       30      |
|  837   |       27      |
|  838   |       60      |
|  839   |       34      |
|  840   |      104      |
|  841   |       15      |
|  842   |       15      |
|  843   |      118      |
|  844   |       42      |
|  845   |       15      |
|  846   |      261      |
|  847   |       83      |
|  848   |       84      |
|  849   |       12      |
|  850   |       27      |
|  851   |      124      |
|  852   |       28      |
|  853   |       23      |
|  854   |      122      |
|  855   |       11      |
|  856   |       22      |
|  857   |       15      |
|  858   |       12      |
|  859   |       24      |
|  860   |       49      |
|  861   |       26      |
|  862   |       96      |
|  863   |       64      |
|  864   |      179      |
|  865   |       35      |
|  866   |       14      |
|  867   |       52      |
|  868   |      117      |
|  869   |       29      |
|  870   |      150      |
|  871   |       68      |
|  872   |       40      |
|  873   |       11      |
|  874   |       18      |
|  875   |       48      |
|  876   |       11      |
|  877   |       50      |
|  878   |       86      |
|  879   |       16      |
|  880   |      226      |
|  881   |      155      |
|  882   |       81      |
|  883   |      160      |
|  884   |       26      |
|  885   |       66      |
|  886   |      132      |
|  887   |      104      |
|  888   |       8       |
|  889   |      200      |
|  890   |       69      |
|  891   |       27      |
|  892   |      135      |
|  893   |       40      |
|  894   |      146      |
|  895   |       13      |
|  896   |      219      |
|  897   |      113      |
|  898   |       22      |
|  899   |       81      |
|  900   |       30      |
|  901   |       72      |
|  902   |       33      |
|  903   |       81      |
|  904   |       35      |
|  905   |       34      |
|  906   |       18      |
|  907   |       90      |
|  908   |       41      |
|  909   |       14      |
|  910   |       40      |
|  911   |       66      |
|  912   |       31      |
|  913   |       83      |
|  914   |       20      |
|  915   |       20      |
|  916   |      187      |
|  917   |       22      |
|  918   |       56      |
|  919   |      147      |
|  920   |       15      |
|  921   |       69      |
|  922   |       78      |
|  923   |       41      |
|  924   |       50      |
|  925   |       24      |
|  926   |       6       |
|  927   |       71      |
|  928   |       22      |
|  929   |       28      |
|  930   |       43      |
|  931   |       40      |
|  932   |      146      |
|  933   |       90      |
|  934   |      115      |
|  935   |       18      |
|  936   |       83      |
|  937   |       23      |
|  938   |       71      |
|  939   |       33      |
|  940   |       66      |
|  941   |       11      |
|  942   |       40      |
|  943   |      102      |
+--------+---------------+
60000
