+----------+----------------+
| Movie ID | Average Rating |
+----------+----------------+
|   1138   |      5.0       |
|   1122   |      5.0       |
|   1599   |      5.0       |
|   1536   |      5.0       |
|   1500   |      5.0       |
|   1449   |      5.0       |
|   1174   |      5.0       |
|   1467   |      5.0       |
|   1201   |      5.0       |
|   1293   |      5.0       |
|   1262   |      5.0       |
|   814    |      5.0       |
|   1189   |      5.0       |
|   1653   |      5.0       |
|   1642   |      5.0       |
|   1617   |      5.0       |
|   1594   |      4.5       |
|   1125   |      4.5       |
|   408    | 4.48648648649  |
|   483    | 4.45801526718  |
|   603    | 4.45454545455  |
|   318    |  4.4450867052  |
|    12    | 4.41212121212  |
|   169    | 4.41095890411  |
|   114    | 4.41025641026  |
|   958    |      4.4       |
|    64    | 4.39772727273  |
|   178    | 4.39024390244  |
|   479    | 4.36274509804  |
|    50    | 4.35042735043  |
|   1643   | 4.33333333333  |
|   1639   | 4.33333333333  |
|   1537   | 4.33333333333  |
|   480    | 4.32407407407  |
|   427    | 4.31944444444  |
|   484    | 4.30487804878  |
|   513    |  4.3023255814  |
|   174    | 4.30042918455  |
|   251    |      4.3       |
|   134    |     4.296      |
|   474    | 4.28947368421  |
|   1194   | 4.28571428571  |
|   113    | 4.28571428571  |
|   313    | 4.28372093023  |
|   657    | 4.27941176471  |
|   357    |     4.275      |
|   511    | 4.27368421053  |
|    98    | 4.26666666667  |
|   285    | 4.25242718447  |
|   1251   |      4.25      |
|   923    |      4.25      |
|   223    |      4.25      |
|   498    | 4.24509803922  |
|   172    | 4.24299065421  |
|   519    | 4.23913043478  |
|   127    | 4.23773584906  |
|   1142   | 4.23076923077  |
|   189    | 4.22857142857  |
|   656    | 4.22222222222  |
|   488    | 4.22222222222  |
|   199    | 4.22222222222  |
|   515    | 4.21848739496  |
|    59    | 4.21276595745  |
|   136    | 4.21212121212  |
|   524    | 4.20689655172  |
|   316    | 4.20253164557  |
|   173    | 4.20103092784  |
|   320    |      4.2       |
|   1396   |      4.2       |
|   1524   |      4.2       |
|   361    |      4.2       |
|   966    |      4.2       |
|   191    | 4.19411764706  |
|   654    | 4.19318181818  |
|   187    | 4.18939393939  |
|   648    | 4.18918918919  |
|    89    | 4.18562874251  |
|   1137   | 4.18181818182  |
|   493    | 4.17073170732  |
|   1269   | 4.16666666667  |
|   272    |   4.1640625    |
|   615    | 4.16216216216  |
|   611    | 4.15384615385  |
|   661    | 4.15254237288  |
|   487    | 4.15151515152  |
|   302    | 4.15053763441  |
|   659    | 4.14864864865  |
|    23    | 4.14678899083  |
|    48    | 4.14666666667  |
|   520    | 4.14457831325  |
|   694    | 4.13333333333  |
|   190    | 4.13095238095  |
|   315    | 4.13043478261  |
|   192    |     4.125      |
|   641    |     4.125      |
|   516    | 4.12195121951  |
|   647    | 4.12195121951  |
|   527    | 4.12173913043  |
|    83    |  4.1214953271  |
|   837    | 4.11764705882  |
|   100    | 4.11764705882  |
|   197    | 4.11409395973  |
|   936    | 4.11111111111  |
|   166    | 4.11111111111  |
|    45    | 4.11111111111  |
|   213    | 4.11111111111  |
|    22    | 4.11046511628  |
|   496    | 4.10606060606  |
|   489    | 4.10344827586  |
|   709    | 4.10169491525  |
|   242    |    4.09375     |
|   124    | 4.09243697479  |
|   963    | 4.09090909091  |
|   180    | 4.09090909091  |
|   945    | 4.09090909091  |
|   168    | 4.08743169399  |
|   185    | 4.08609271523  |
|   512    | 4.08333333333  |
|   183    | 4.08333333333  |
|   1007   | 4.08333333333  |
|   205    | 4.08045977011  |
|   275    | 4.07692307692  |
|   132    | 4.07692307692  |
|    87    | 4.06818181818  |
|   478    | 4.06666666667  |
|   1084   |     4.0625     |
|   613    | 4.05882352941  |
|   528    | 4.05479452055  |
|    19    | 4.04761904762  |
|   198    |  4.0447761194  |
|    56    | 4.04291845494  |
|   530    | 4.04255319149  |
|   490    | 4.04166666667  |
|   1039   | 4.03846153846  |
|   181    | 4.03594771242  |
|   170    | 4.02857142857  |
|   165    | 4.02564102564  |
|   485    | 4.02564102564  |
|   604    |  4.0243902439  |
|   156    | 4.02222222222  |
|   652    | 4.01724137931  |
|   209    | 4.01652892562  |
|    79    |  4.0152284264  |
|   194    | 4.01438848921  |
|   135    | 4.01333333333  |
|   179    | 4.00826446281  |
|   182    | 4.00757575758  |
|   1398   |      4.0       |
|   1504   |      4.0       |
|   1636   |      4.0       |
|   1616   |      4.0       |
|   1235   |      4.0       |
|   1515   |      4.0       |
|   1468   |      4.0       |
|   1526   |      4.0       |
|   1123   |      4.0       |
|   867    |      4.0       |
|   1516   |      4.0       |
|   1623   |      4.0       |
|   1080   |      4.0       |
|   1064   |      4.0       |
|   1512   |      4.0       |
|   1628   |      4.0       |
|   1131   |      4.0       |
|   1223   |      4.0       |
|   1200   |      4.0       |
|   745    |      4.0       |
|   711    |      4.0       |
|   617    |      4.0       |
|   1533   |      4.0       |
|   899    |      4.0       |
|   1154   |      4.0       |
|   1448   |      4.0       |
|   1368   |      4.0       |
|   863    |      4.0       |
|   1553   |      4.0       |
|   856    |      4.0       |
|   1607   |      4.0       |
|   1203   |      4.0       |
|   921    |      4.0       |
|    60    |      4.0       |
|   1613   |      4.0       |
|   1191   |      4.0       |
|    32    |      4.0       |
|   1301   |      4.0       |
|    61    |      4.0       |
|   482    |      4.0       |
|   1593   |      4.0       |
|    14    |      4.0       |
|   973    |      4.0       |
|   1459   |      4.0       |
|   1450   |      4.0       |
|   525    |      4.0       |
|   1674   |      4.0       |
|   1498   |      4.0       |
|   1243   |      4.0       |
|   1645   |      4.0       |
|   868    |      4.0       |
|   1650   |      4.0       |
|   909    |      4.0       |
|   1370   |      4.0       |
|   1261   |      4.0       |
|   1169   |      4.0       |
|   1506   |      4.0       |
|   1505   |      4.0       |
|   297    |      4.0       |
|   1020   |      4.0       |
|   176    | 3.99418604651  |
|    28    | 3.99415204678  |
|   195    | 3.98907103825  |
|   529    | 3.98275862069  |
|   211    | 3.98275862069  |
|   430    | 3.98275862069  |
|    96    | 3.98265895954  |
|   736    |      3.98      |
|   606    | 3.97959183673  |
|    86    | 3.97959183673  |
|   505    | 3.97727272727  |
|   221    | 3.97674418605  |
|   633    |     3.975      |
|   663    | 3.96923076923  |
|   494    |    3.96875     |
|   1021   | 3.96153846154  |
|   900    |      3.96      |
|   651    |      3.96      |
|   523    | 3.95918367347  |
|    30    | 3.95652173913  |
|   638    | 3.95652173913  |
|   210    | 3.95238095238  |
|   208    |      3.95      |
|   608    |      3.95      |
|   317    | 3.94827586207  |
|   435    |  3.9465648855  |
|   1019   | 3.94444444444  |
|   753    | 3.94117647059  |
|   514    |  3.9381443299  |
|   429    | 3.93650793651  |
|   750    | 3.93506493506  |
|    9     | 3.92783505155  |
|   902    | 3.92307692308  |
|   481    | 3.91891891892  |
|    8     | 3.91729323308  |
|   171    | 3.91428571429  |
|   968    | 3.90909090909  |
|   705    | 3.90909090909  |
|   969    | 3.90909090909  |
|   813    | 3.90322580645  |
|   1278   |      3.9       |
|   811    |      3.9       |
|   1451   |      3.9       |
|   1149   |      3.9       |
|   499    |      3.9       |
|   203    | 3.89915966387  |
|   506    | 3.89583333333  |
|   196    | 3.89473684211  |
|    57    | 3.89285714286  |
|   144    | 3.89285714286  |
|   618    | 3.88888888889  |
|   238    | 3.88819875776  |
|   177    | 3.88461538462  |
|   607    | 3.88095238095  |
|    1     |  3.8795620438  |
|   216    | 3.87845303867  |
|   510    | 3.87837837838  |
|   1124   |     3.875      |
|   1240   |     3.875      |
|   653    |     3.875      |
|   265    |     3.875      |
|   1070   |     3.875      |
|   434    |     3.875      |
|   686    | 3.87096774194  |
|   1073   | 3.86956521739  |
|   193    | 3.86956521739  |
|   500    | 3.86956521739  |
|   660    | 3.86904761905  |
|   246    | 3.86842105263  |
|   269    | 3.86631016043  |
|   646    | 3.86363636364  |
|   175    | 3.86330935252  |
|   1099   | 3.85714285714  |
|   536    | 3.85714285714  |
|   467    | 3.85714285714  |
|    95    | 3.85606060606  |
|   137    | 3.85576923077  |
|   589    | 3.85185185185  |
|   612    |      3.85      |
|   428    | 3.84615384615  |
|   465    | 3.84444444444  |
|   521    |    3.84375     |
|   475    |  3.8431372549  |
|   126    | 3.84210526316  |
|   896    | 3.83870967742  |
|   655    | 3.83802816901  |
|    10    | 3.83636363636  |
|   526    | 3.83582089552  |
|   1172   | 3.83333333333  |
|   1103   | 3.83333333333  |
|    71    | 3.83333333333  |
|   236    | 3.83333333333  |
|    69    | 3.83240223464  |
|   283    | 3.83018867925  |
|   186    | 3.82666666667  |
|   509    | 3.82666666667  |
|   204    | 3.82488479263  |
|   847    | 3.82352941176  |
|   462    | 3.82222222222  |
|   1143   | 3.81818181818  |
|   601    | 3.81818181818  |
|    11    | 3.81617647059  |
|   531    | 3.81481481481  |
|   1121   |     3.8125     |
|   707    | 3.81081081081  |
|   610    | 3.80769230769  |
|   306    |  3.8064516129  |
|   492    |  3.8064516129  |
|   1119   | 3.80555555556  |
|   443    | 3.80188679245  |
|   793    |      3.8       |
|   776    |      3.8       |
|   1147   |      3.8       |
|   1456   |      3.8       |
|   1286   |      3.8       |
|   917    |      3.8       |
|   1152   |      3.8       |
|   915    |      3.8       |
|   1462   |      3.8       |
|   305    |      3.8       |
|   303    | 3.79487179487  |
|   258    | 3.79470198675  |
|   632    | 3.79411764706  |
|   614    | 3.79310344828  |
|   268    | 3.79166666667  |
|   224    | 3.79166666667  |
|   645    | 3.78571428571  |
|   257    | 3.78494623656  |
|   215    | 3.78333333333  |
|   153    | 3.78289473684  |
|   152    | 3.78260869565  |
|   423    | 3.78212290503  |
|    7     | 3.77824267782  |
|   961    | 3.77777777778  |
|   200    |     3.776      |
|   298    | 3.77586206897  |
|   293    | 3.77528089888  |
|   684    | 3.77319587629  |
|   497    | 3.76923076923  |
|   464    | 3.76470588235  |
|   404    | 3.76271186441  |
|   463    |  3.7619047619  |
|   922    |  3.7619047619  |
|    97    | 3.76158940397  |
|   234    | 3.76047904192  |
|   588    |      3.76      |
|   919    | 3.75806451613  |
|   517    | 3.75471698113  |
|   154    | 3.75257731959  |
|   248    | 3.75221238938  |
|   1426   |      3.75      |
|   378    |      3.75      |
|   1101   |      3.75      |
|   459    |      3.75      |
|   701    |      3.75      |
|   732    | 3.74576271186  |
|   202    | 3.74404761905  |
|   469    | 3.74358974359  |
|   133    | 3.74257425743  |
|    52    |      3.74      |
|   433    | 3.73958333333  |
|   664    | 3.73913043478  |
|   116    |  3.7380952381  |
|   507    | 3.73770491803  |
|    6     | 3.73333333333  |
|   129    |  3.7323943662  |
|   228    | 3.73188405797  |
|   735    | 3.73170731707  |
|   639    | 3.73076923077  |
|   150    |      3.73      |
|   432    | 3.72897196262  |
|   691    | 3.72727272727  |
|   703    | 3.72727272727  |
|   346    | 3.72727272727  |
|    15    | 3.72352941176  |
|   276    |  3.7225433526  |
|    82    | 3.72222222222  |
|   287    | 3.72222222222  |
|   644    | 3.72222222222  |
|   207    | 3.72093023256  |
|   262    | 3.72093023256  |
|   631    | 3.71794871795  |
|   587    | 3.71428571429  |
|   115    | 3.71428571429  |
|   491    | 3.71428571429  |
|   486    | 3.71428571429  |
|    42    | 3.71264367816  |
|   188    | 3.71028037383  |
|    55    | 3.70786516854  |
|   836    | 3.70588235294  |
|   237    | 3.70506912442  |
|   1063   |  3.7037037037  |
|   543    |      3.7       |
|   699    |      3.7       |
|   222    | 3.69724770642  |
|   420    | 3.69387755102  |
|   300    | 3.67953667954  |
|    31    | 3.67777777778  |
|    93    | 3.67741935484  |
|   504    | 3.67605633803  |
|   558    |     3.675      |
|   1176   | 3.66666666667  |
|   1144   | 3.66666666667  |
|   1295   | 3.66666666667  |
|   267    | 3.66666666667  |
|   954    | 3.66666666667  |
|   1326   | 3.66666666667  |
|   1375   | 3.66666666667  |
|   884    | 3.66666666667  |
|   1204   | 3.66666666667  |
|   311    | 3.66666666667  |
|   805    | 3.66666666667  |
|   1126   | 3.66666666667  |
|   151    | 3.66666666667  |
|   1474   | 3.66666666667  |
|   470    | 3.66666666667  |
|   1501   | 3.66666666667  |
|   1104   | 3.66666666667  |
|   419    | 3.66326530612  |
|   792    | 3.66101694915  |
|   163    | 3.66071428571  |
|   495    | 3.65714285714  |
|   1098   | 3.65714285714  |
|   344    | 3.65714285714  |
|   713    | 3.65714285714  |
|   466    |    3.65625     |
|   421    | 3.65573770492  |
|    47    | 3.64935064935  |
|    58    | 3.64772727273  |
|   164    | 3.64197530864  |
|    99    | 3.64150943396  |
|   746    | 3.64102564103  |
|   340    | 3.64035087719  |
|   436    |  3.6393442623  |
|   522    | 3.63636363636  |
|   956    | 3.63636363636  |
|   117    | 3.63228699552  |
|   518    | 3.63157894737  |
|   939    | 3.63157894737  |
|   282    | 3.62878787879  |
|   418    | 3.62820512821  |
|   143    | 3.62727272727  |
|   1148   |     3.625      |
|   602    |     3.625      |
|   592    |     3.625      |
|    70    |     3.625      |
|   549    | 3.62295081967  |
|   425    | 3.62264150943  |
|   568    | 3.62068965517  |
|   794    | 3.62068965517  |
|   157    | 3.61971830986  |
|   584    | 3.61538461538  |
|   1221   | 3.61538461538  |
|    88    | 3.61417322835  |
|   582    | 3.61290322581  |
|   273    | 3.61290322581  |
|   1022   | 3.61111111111  |
|   372    | 3.61111111111  |
|   381    | 3.60869565217  |
|   692    | 3.60869565217  |
|   693    | 3.60714285714  |
|   385    | 3.60655737705  |
|   128    | 3.60606060606  |
|   471    | 3.60583941606  |
|   286    | 3.60563380282  |
|   1024   |      3.6       |
|   718    |      3.6       |
|   964    |      3.6       |
|   445    |      3.6       |
|   1129   |      3.6       |
|   848    |      3.6       |
|   904    |      3.6       |
|   1495   |      3.6       |
|   671    |      3.6       |
|   304    |      3.6       |
|   853    |      3.6       |
|    91    |      3.6       |
|   898    |      3.6       |
|   887    | 3.59459459459  |
|   333    | 3.59411764706  |
|   675    | 3.58823529412  |
|   253    | 3.58823529412  |
|   537    | 3.58823529412  |
|   721    | 3.58620689655  |
|   865    | 3.58333333333  |
|   503    | 3.58333333333  |
|   591    | 3.58260869565  |
|   502    | 3.58064516129  |
|   1136   | 3.57894736842  |
|   270    | 3.57692307692  |
|   959    |     3.575      |
|   230    |  3.5737704918  |
|   854    | 3.57142857143  |
|   1105   | 3.57142857143  |
|   1280   | 3.57142857143  |
|    81    | 3.57142857143  |
|   835    | 3.57142857143  |
|   708    | 3.57142857143  |
|   778    |  3.5652173913  |
|   239    | 3.56435643564  |
|   1160   |     3.5625     |
|   147    |     3.5625     |
|   744    |  3.5593220339  |
|   1428   | 3.55555555556  |
|   1062   | 3.55555555556  |
|   256    | 3.55555555556  |
|   789    | 3.55555555556  |
|   310    | 3.55555555556  |
|   107    | 3.55555555556  |
|   993    | 3.55555555556  |
|   131    | 3.55172413793  |
|   101    |      3.55      |
|   855    | 3.54761904762  |
|   447    | 3.54761904762  |
|   742    | 3.54651162791  |
|   274    |  3.5462962963  |
|   125    | 3.54609929078  |
|   508    |     3.544      |
|   650    | 3.54347826087  |
|   741    | 3.54285714286  |
|   874    | 3.54166666667  |
|   1050   | 3.54166666667  |
|    46    | 3.53846153846  |
|   366    | 3.53846153846  |
|   844    | 3.53571428571  |
|   566    | 3.53571428571  |
|   1115   | 3.53333333333  |
|   1109   | 3.53333333333  |
|    4     | 3.53225806452  |
|    76    |    3.53125     |
|   184    |  3.5303030303  |
|   605    | 3.52941176471  |
|   241    | 3.52564102564  |
|   710    | 3.52380952381  |
|   162    | 3.52307692308  |
|   806    | 3.52173913043  |
|   676    | 3.51351351351  |
|    26    | 3.51219512195  |
|   724    | 3.51111111111  |
|    92    | 3.50769230769  |
|   292    | 3.50724637681  |
|   382    | 3.50684931507  |
|   347    | 3.50588235294  |
|   850    |      3.5       |
|   1443   |      3.5       |
|   1406   |      3.5       |
|   766    |      3.5       |
|   1380   |      3.5       |
|   1356   |      3.5       |
|   1075   |      3.5       |
|   1367   |      3.5       |
|   1656   |      3.5       |
|   1558   |      3.5       |
|   1196   |      3.5       |
|   1268   |      3.5       |
|   1499   |      3.5       |
|   1302   |      3.5       |
|   1198   |      3.5       |
|   1328   |      3.5       |
|   1226   |      3.5       |
|   634    |      3.5       |
|   1195   |      3.5       |
|   662    |      3.5       |
|   622    |      3.5       |
|   1127   |      3.5       |
|   965    |      3.5       |
|   345    |      3.5       |
|   1631   |      3.5       |
|   723    |      3.5       |
|   1237   |      3.5       |
|   1357   |      3.5       |
|   1338   |      3.5       |
|   628    |      3.5       |
|   461    |      3.5       |
|   971    |      3.5       |
|   141    |      3.5       |
|   1168   |      3.5       |
|    66    | 3.49438202247  |
|   288    | 3.49285714286  |
|   414    | 3.48571428571  |
|   206    | 3.48571428571  |
|   1197   | 3.48148148148  |
|   201    | 3.48148148148  |
|   642    | 3.48076923077  |
|   109    | 3.47945205479  |
|   658    | 3.47916666667  |
|   332    | 3.47619047619  |
|   943    | 3.47368421053  |
|   392    | 3.47222222222  |
|   431    | 3.47126436782  |
|   331    |  3.4696969697  |
|   690    | 3.46341463415  |
|   1296   | 3.46153846154  |
|   220    | 3.46153846154  |
|   1067   | 3.46153846154  |
|   727    | 3.46153846154  |
|   609    | 3.46153846154  |
|   111    | 3.46111111111  |
|   161    | 3.46043165468  |
|   740    | 3.45714285714  |
|   751    | 3.45544554455  |
|   1097   | 3.45454545455  |
|   501    | 3.45454545455  |
|   380    | 3.45070422535  |
|   729    | 3.44897959184  |
|   416    | 3.44736842105  |
|   334    | 3.44736842105  |
|   695    | 3.44444444444  |
|   953    | 3.44444444444  |
|   1277   | 3.44444444444  |
|   367    | 3.44329896907  |
|   121    | 3.44074074074  |
|    51    |     3.4375     |
|   845    |     3.4375     |
|    25    | 3.43715846995  |
|   218    | 3.43564356436  |
|   402    |  3.4347826087  |
|   250    | 3.43442622951  |
|    73    | 3.43243243243  |
|   1032   | 3.42857142857  |
|   1056   | 3.42857142857  |
|   1068   | 3.42857142857  |
|   1281   | 3.42857142857  |
|   763    | 3.42857142857  |
|   685    | 3.42696629213  |
|   255    | 3.42391304348  |
|    24    | 3.42342342342  |
|   547    | 3.42105263158  |
|   160    | 3.41860465116  |
|   393    | 3.41739130435  |
|   1093   | 3.41666666667  |
|   1113   | 3.41666666667  |
|   747    | 3.41538461538  |
|   625    | 3.41509433962  |
|   1008   | 3.40909090909  |
|   888    |      3.4       |
|   1264   |      3.4       |
|   1388   |      3.4       |
|   1405   |      3.4       |
|   697    |      3.4       |
|   227    |      3.4       |
|   1055   |      3.4       |
|   1066   |      3.4       |
|   1298   |      3.4       |
|   1053   |      3.4       |
|   1069   |      3.4       |
|   755    | 3.39622641509  |
|   326    | 3.39603960396  |
|    65    |    3.390625    |
|   389    | 3.38888888889  |
|   730    | 3.38888888889  |
|   328    | 3.38823529412  |
|   1009   | 3.38775510204  |
|   1315   | 3.38461538462  |
|   624    | 3.38461538462  |
|   649    | 3.38461538462  |
|   882    | 3.38095238095  |
|   359    |     3.375      |
|   1266   |     3.375      |
|   212    | 3.37288135593  |
|   226    | 3.37113402062  |
|   538    | 3.36842105263  |
|   448    | 3.36734693878  |
|   629    | 3.36585365854  |
|   405    |  3.3640776699  |
|   1018   | 3.36363636364  |
|   403    | 3.36363636364  |
|   955    | 3.36363636364  |
|   924    | 3.36170212766  |
|   673    | 3.35714285714  |
|   1005   | 3.35714285714  |
|   754    | 3.35714285714  |
|   715    | 3.35416666667  |
|   1012   | 3.35384615385  |
|   616    |      3.35      |
|   944    |      3.35      |
|   1134   | 3.34782608696  |
|   123    | 3.34722222222  |
|   327    | 3.34653465347  |
|   1016   | 3.34523809524  |
|   295    | 3.34285714286  |
|   233    | 3.33783783784  |
|    13    | 3.33636363636  |
|   912    | 3.33333333333  |
|   1503   | 3.33333333333  |
|   967    | 3.33333333333  |
|   1483   | 3.33333333333  |
|   1116   | 3.33333333333  |
|   1167   | 3.33333333333  |
|   1187   | 3.33333333333  |
|   1469   | 3.33333333333  |
|   1190   | 3.33333333333  |
|   851    | 3.33333333333  |
|   1017   | 3.33333333333  |
|   387    | 3.33333333333  |
|   1485   | 3.33333333333  |
|   1233   | 3.33333333333  |
|   1111   | 3.33333333333  |
|   1193   | 3.33333333333  |
|   307    | 3.33333333333  |
|   942    | 3.33333333333  |
|   249    | 3.32926829268  |
|   770    | 3.32432432432  |
|    68    | 3.32394366197  |
|   949    | 3.31818181818  |
|   301    | 3.31724137931  |
|   619    | 3.31707317073  |
|   925    | 3.31578947368  |
|   291    | 3.31506849315  |
|   1218   |     3.3125     |
|   1133   |     3.3125     |
|   833    | 3.31034482759  |
|   785    | 3.30769230769  |
|   278    | 3.30555555556  |
|   596    | 3.30379746835  |
|   716    | 3.30303030303  |
|   979    |      3.3       |
|   1265   |      3.3       |
|    77    |  3.2967032967  |
|   329    |  3.2962962963  |
|   277    | 3.29545454545  |
|   1045   | 3.29411764706  |
|   580    | 3.29411764706  |
|   762    | 3.28985507246  |
|   999    | 3.28571428571  |
|   1150   | 3.28571428571  |
|   1065   | 3.28571428571  |
|   360    | 3.28571428571  |
|   1211   | 3.28571428571  |
|    16    | 3.28571428571  |
|   1114   | 3.28571428571  |
|   1381   | 3.28571428571  |
|    20    | 3.27906976744  |
|   339    | 3.27586206897  |
|   356    | 3.27450980392  |
|   535    | 3.27272727273  |
|   937    | 3.27272727273  |
|   749    | 3.27272727273  |
|   472    | 3.27058823529  |
|   468    | 3.27027027027  |
|   1035   | 3.26829268293  |
|   627    | 3.26666666667  |
|   354    | 3.26666666667  |
|   455    | 3.26595744681  |
|   1011   |  3.2641509434  |
|   451    | 3.26168224299  |
|   544    | 3.26086956522  |
|    49    | 3.25925925926  |
|   399    | 3.25925925926  |
|    39    | 3.25925925926  |
|   365    | 3.25925925926  |
|   781    | 3.25531914894  |
|    33    | 3.25490196078  |
|   1591   |      3.25      |
|   1592   |      3.25      |
|   1288   |      3.25      |
|   1400   |      3.25      |
|   626    |      3.25      |
|   296    |      3.25      |
|   804    |      3.25      |
|   1166   |      3.25      |
|   1043   |      3.25      |
|   219    |      3.25      |
|   866    |      3.25      |
|   815    |      3.25      |
|    54    | 3.24637681159  |
|   895    | 3.24285714286  |
|   559    | 3.23863636364  |
|   1220   |  3.2380952381  |
|   1118   | 3.23529411765  |
|   553    | 3.23529411765  |
|   636    | 3.23333333333  |
|   284    | 3.23214285714  |
|   947    | 3.23076923077  |
|   739    | 3.23076923077  |
|   712    | 3.23076923077  |
|   280    | 3.22641509434  |
|    72    | 3.22352941176  |
|    44    | 3.22222222222  |
|   728    | 3.22222222222  |
|   229    | 3.22105263158  |
|   232    |    3.21875     |
|   880    |    3.21875     |
|    2     | 3.21794871795  |
|   330    | 3.21739130435  |
|   995    | 3.21739130435  |
|   1401   | 3.21428571429  |
|   271    |  3.2131147541  |
|   458    | 3.20754716981  |
|   1299   |      3.2       |
|   970    |      3.2       |
|   812    |      3.2       |
|   1086   |      3.2       |
|   319    |      3.2       |
|   787    |      3.2       |
|   533    |      3.2       |
|   1192   |      3.2       |
|    5     | 3.19565217391  |
|    41    | 3.19230769231  |
|   952    | 3.19047619048  |
|   731    | 3.19047619048  |
|    94    | 3.18823529412  |
|   765    |     3.1875     |
|   409    | 3.18421052632  |
|   532    | 3.18181818182  |
|   689    |      3.18      |
|   290    |  3.1746031746  |
|   477    |  3.1746031746  |
|   550    | 3.17391304348  |
|   217    | 3.17142857143  |
|   696    | 3.17073170732  |
|   159    | 3.16923076923  |
|   1615   | 3.16666666667  |
|   1263   | 3.16666666667  |
|   985    | 3.16666666667  |
|   905    | 3.16666666667  |
|   972    | 3.16666666667  |
|   980    | 3.16666666667  |
|   630    | 3.16666666667  |
|   918    | 3.16666666667  |
|   118    | 3.16352201258  |
|   321    | 3.16161616162  |
|   1010   |      3.16      |
|   245    | 3.15862068966  |
|   932    | 3.15789473684  |
|   879    | 3.15584415584  |
|   149    | 3.15384615385  |
|   244    | 3.14814814815  |
|   1404   | 3.14285714286  |
|   350    | 3.14285714286  |
|   1217   | 3.14285714286  |
|   1421   | 3.14285714286  |
|   1297   | 3.14285714286  |
|   1060   | 3.14285714286  |
|   534    | 3.14285714286  |
|   1085   | 3.14285714286  |
|   597    | 3.14173228346  |
|    90    | 3.14035087719  |
|   148    | 3.13698630137  |
|   620    | 3.13636363636  |
|   294    | 3.13559322034  |
|   595    | 3.13513513514  |
|   214    | 3.13333333333  |
|    63    |  3.1320754717  |
|   324    | 3.13157894737  |
|   752    | 3.13043478261  |
|   1044   | 3.13043478261  |
|   410    | 3.13043478261  |
|   349    | 3.13043478261  |
|   561    | 3.12820512821  |
|   322    | 3.12781954887  |
|   864    | 3.12727272727  |
|   1042   |     3.125      |
|   1004   |     3.125      |
|   1170   |     3.125      |
|   906    |     3.125      |
|   714    |     3.125      |
|   946    |     3.125      |
|   279    | 3.11764705882  |
|   821    | 3.11764705882  |
|   1446   | 3.11111111111  |
|   562    | 3.11111111111  |
|   1051   | 3.11111111111  |
|   796    | 3.11111111111  |
|   640    | 3.11111111111  |
|   883    | 3.11111111111  |
|   281    | 3.10588235294  |
|   578    | 3.10526315789  |
|   1041   | 3.10526315789  |
|   886    | 3.10344827586  |
|   1046   |      3.1       |
|   348    |      3.1       |
|   476    | 3.09574468085  |
|   473    | 3.09333333333  |
|   1048   | 3.09302325581  |
|   1171   | 3.09090909091  |
|   1208   | 3.09090909091  |
|   1285   | 3.09090909091  |
|   142    | 3.09090909091  |
|   449    | 3.08955223881  |
|   1033   | 3.08695652174  |
|   343    | 3.08333333333  |
|   733    | 3.08333333333  |
|   928    | 3.08064516129  |
|   843    | 3.07692307692  |
|   748    | 3.07692307692  |
|   1313   | 3.07692307692  |
|   1028   | 3.07291666667  |
|   570    | 3.07142857143  |
|   102    | 3.07142857143  |
|   140    | 3.07142857143  |
|   962    | 3.06666666667  |
|   546    | 3.06451612903  |
|   842    | 3.05882352941  |
|   737    | 3.05263157895  |
|   670    |      3.05      |
|   155    | 3.04838709677  |
|   809    | 3.04347826087  |
|   576    | 3.03703703704  |
|   873    | 3.03448275862  |
|   768    |    3.03125     |
|   312    |      3.02      |
|   679    |    3.015625    |
|    67    | 3.01470588235  |
|   1603   |      3.0       |
|   1627   |      3.0       |
|   1638   |      3.0       |
|   1358   |      3.0       |
|   1310   |      3.0       |
|   1675   |      3.0       |
|   1463   |      3.0       |
|   1236   |      3.0       |
|   822    |      3.0       |
|   1611   |      3.0       |
|   1600   |      3.0       |
|   987    |      3.0       |
|   1378   |      3.0       |
|   1202   |      3.0       |
|   857    |      3.0       |
|   1455   |      3.0       |
|   1507   |      3.0       |
|   1390   |      3.0       |
|   1520   |      3.0       |
|   600    |      3.0       |
|   1560   |      3.0       |
|   1632   |      3.0       |
|   1542   |      3.0       |
|   677    |      3.0       |
|   119    |      3.0       |
|   798    |      3.0       |
|   1590   |      3.0       |
|   1535   |      3.0       |
|   1519   |      3.0       |
|   1670   |      3.0       |
|   992    |      3.0       |
|   1647   |      3.0       |
|   1120   |      3.0       |
|   1324   |      3.0       |
|   1427   |      3.0       |
|   1635   |      3.0       |
|   552    |      3.0       |
|   1238   |      3.0       |
|   1528   |      3.0       |
|   1531   |      3.0       |
|   1679   |      3.0       |
|   990    |      3.0       |
|   1491   |      3.0       |
|    27    |      3.0       |
|   1156   |      3.0       |
|   722    |      3.0       |
|   579    |      3.0       |
|   1058   |      3.0       |
|   379    |      3.0       |
|   1128   |      3.0       |
|   1344   |      3.0       |
|   1602   |      3.0       |
|   371    |      3.0       |
|   846    |      3.0       |
|   1270   |      3.0       |
|   1312   |      3.0       |
|   927    |      3.0       |
|   1173   |      3.0       |
|   1000   |      3.0       |
|   299    |      3.0       |
|   1478   |      3.0       |
|   1397   |      3.0       |
|   1543   |      3.0       |
|   106    |      3.0       |
|   807    |      3.0       |
|   1205   |      3.0       |
|   1159   |      3.0       |
|   1597   |      3.0       |
|   1545   |      3.0       |
|   1682   |      3.0       |
|   1245   |      3.0       |
|   1677   |      3.0       |
|   1547   |      3.0       |
|    84    |      3.0       |
|   797    |      3.0       |
|   1447   |      3.0       |
|   637    |      3.0       |
|    75    |      3.0       |
|   394    |      3.0       |
|   1402   |      3.0       |
|   1279   |      3.0       |
|   1681   |      3.0       |
|   1389   |      3.0       |
|   1550   |      3.0       |
|   872    |      3.0       |
|   761    |      3.0       |
|   308    |      3.0       |
|   1466   |      3.0       |
|   1657   |      3.0       |
|   1077   |      3.0       |
|   975    |      3.0       |
|   1180   |      3.0       |
|   1633   |      3.0       |
|   1386   |      3.0       |
|   1538   |      3.0       |
|   1460   |      3.0       |
|   738    |      3.0       |
|   1433   |      3.0       |
|   1490   |      3.0       |
|   1521   |      3.0       |
|   1541   |      3.0       |
|   1225   |      3.0       |
|   772    |      3.0       |
|   1457   |      3.0       |
|   1417   |      3.0       |
|   1429   |      3.0       |
|   1141   |      3.0       |
|    62    | 2.98461538462  |
|    17    | 2.98113207547  |
|   289    | 2.97972972973  |
|   720    |  2.9649122807  |
|   717    | 2.96226415094  |
|   825    | 2.95918367347  |
|   373    | 2.95652173913  |
|   989    | 2.95454545455  |
|   823    | 2.95238095238  |
|   774    | 2.95238095238  |
|   581    | 2.94736842105  |
|   108    | 2.94736842105  |
|   974    | 2.94444444444  |
|    85    | 2.93939393939  |
|   1199   |     2.9375     |
|   704    |     2.9375     |
|    38    | 2.93421052632  |
|   635    | 2.93333333333  |
|   960    | 2.93333333333  |
|   252    | 2.93103448276  |
|   342    | 2.93103448276  |
|   323    | 2.92957746479  |
|   702    | 2.92857142857  |
|   916    | 2.92857142857  |
|   415    | 2.92857142857  |
|   840    | 2.92592592593  |
|   1025   | 2.92592592593  |
|   1107   | 2.92307692308  |
|    53    | 2.92207792208  |
|   1219   | 2.91666666667  |
|   1110   | 2.91666666667  |
|   725    | 2.91666666667  |
|   1153   | 2.91666666667  |
|   978    | 2.91666666667  |
|   541    | 2.91428571429  |
|   452    | 2.91428571429  |
|   1267   | 2.91304347826  |
|    3     | 2.91071428571  |
|   756    | 2.90666666667  |
|   1135   | 2.90322580645  |
|   167    | 2.90243902439  |
|   903    |      2.9       |
|   1284   |      2.9       |
|   682    |      2.9       |
|   391    | 2.89743589744  |
|   567    | 2.89473684211  |
|   678    | 2.89393939394  |
|   790    | 2.88888888889  |
|   941    | 2.88888888889  |
|   411    | 2.88505747126  |
|   810    | 2.88461538462  |
|   869    | 2.88235294118  |
|   800    | 2.88235294118  |
|   225    | 2.88059701493  |
|   240    |      2.88      |
|   870    |     2.875      |
|   1071   |     2.875      |
|   363    |     2.875      |
|   889    |     2.875      |
|   950    |     2.875      |
|   401    |     2.875      |
|   808    | 2.86956521739  |
|   938    | 2.86666666667  |
|    40    | 2.86486486486  |
|   573    | 2.86363636364  |
|   1074   | 2.86274509804  |
|    21    | 2.86274509804  |
|   370    | 2.86206896552  |
|   621    | 2.85714285714  |
|   827    | 2.85714285714  |
|   1258   | 2.85714285714  |
|   1161   | 2.85714285714  |
|   698    | 2.85714285714  |
|   1014   | 2.85454545455  |
|   934    |      2.85      |
|   801    | 2.84615384615  |
|   413    |    2.84375     |
|   1094   | 2.83333333333  |
|   1475   | 2.83333333333  |
|   1282   | 2.83333333333  |
|   1117   | 2.83333333333  |
|    43    | 2.83333333333  |
|   565    | 2.83333333333  |
|   984    |  2.8275862069  |
|   929    | 2.82608695652  |
|   583    | 2.81818181818  |
|   138    | 2.81818181818  |
|   951    | 2.81818181818  |
|   1047   | 2.81395348837  |
|   824    |     2.8125     |
|   829    | 2.80952380952  |
|   849    | 2.80769230769  |
|   674    |  2.8064516129  |
|   554    | 2.80303030303  |
|   426    |      2.8       |
|   1241   |      2.8       |
|   1333   |      2.8       |
|   1294   |      2.8       |
|   665    |  2.7962962963  |
|   780    | 2.79069767442  |
|   338    | 2.78947368421  |
|   231    | 2.78947368421  |
|   139    | 2.78947368421  |
|   460    | 2.77777777778  |
|   1015   | 2.77777777778  |
|   1059   | 2.77777777778  |
|   786    | 2.77777777778  |
|   557    | 2.77777777778  |
|   841    | 2.77419354839  |
|   386    | 2.77272727273  |
|   355    | 2.77272727273  |
|   982    | 2.76923076923  |
|   1206   | 2.76923076923  |
|   376    | 2.76923076923  |
|   672    | 2.76666666667  |
|   1157   | 2.76470588235  |
|   1244   |  2.7619047619  |
|   892    | 2.75862068966  |
|   1435   |      2.75      |
|   1379   |      2.75      |
|   1346   |      2.75      |
|   1260   |      2.75      |
|   935    |      2.75      |
|   1620   |      2.75      |
|   1355   |      2.75      |
|   1108   |      2.75      |
|   1473   |      2.75      |
|   819    |      2.75      |
|   1403   |      2.75      |
|   1248   |      2.75      |
|   390    |      2.75      |
|   1231   |      2.75      |
|   1369   |      2.75      |
|   1188   |      2.75      |
|   417    |      2.75      |
|   1222   |      2.75      |
|   335    |      2.75      |
|   594    |      2.75      |
|   875    | 2.74285714286  |
|   802    | 2.73913043478  |
|   441    | 2.73913043478  |
|   309    | 2.73333333333  |
|   235    | 2.73015873016  |
|   400    | 2.72727272727  |
|   337    | 2.72727272727  |
|   384    | 2.72093023256  |
|   760    |      2.72      |
|   764    | 2.71428571429  |
|   828    | 2.71428571429  |
|   1518   | 2.71428571429  |
|   146    | 2.71428571429  |
|   1091   | 2.70967741935  |
|   930    | 2.70833333333  |
|   986    | 2.70588235294  |
|   878    | 2.70588235294  |
|   1038   |      2.7       |
|   876    | 2.69696969697  |
|   336    | 2.68965517241  |
|   820    | 2.68965517241  |
|   1036   |     2.6875     |
|   881    |     2.6875     |
|   1006   |     2.6875     |
|   1078   |     2.6875     |
|   362    |     2.6875     |
|   572    | 2.68421052632  |
|   1095   |      2.68      |
|   569    | 2.67647058824  |
|   826    | 2.67346938776  |
|   1484   | 2.66666666667  |
|   643    | 2.66666666667  |
|   1271   | 2.66666666667  |
|   1410   | 2.66666666667  |
|   759    | 2.66666666667  |
|   1431   | 2.66666666667  |
|   1555   | 2.66666666667  |
|   1422   | 2.66666666667  |
|   1445   | 2.66666666667  |
|   996    | 2.66666666667  |
|   1139   | 2.66666666667  |
|   266    | 2.66666666667  |
|   757    | 2.66666666667  |
|   539    | 2.66666666667  |
|   1145   | 2.66666666667  |
|    74    | 2.66666666667  |
|   341    | 2.66666666667  |
|   773    | 2.66666666667  |
|   1529   | 2.66666666667  |
|   1353   | 2.66666666667  |
|   1440   | 2.66666666667  |
|   1229   | 2.66666666667  |
|   369    | 2.66666666667  |
|   264    | 2.66666666667  |
|    29    | 2.65671641791  |
|   585    | 2.65217391304  |
|   769    | 2.65217391304  |
|   1411   |      2.65      |
|   734    | 2.64705882353  |
|   1061   | 2.64705882353  |
|   395    | 2.64705882353  |
|   158    | 2.64285714286  |
|   444    |      2.64      |
|   259    | 2.63917525773  |
|   859    | 2.63636363636  |
|   1335   | 2.63636363636  |
|   261    | 2.63157894737  |
|   586    |     2.625      |
|   1163   |     2.625      |
|   1273   |     2.625      |
|   1040   |     2.625      |
|   396    | 2.62068965517  |
|   364    | 2.61904761905  |
|   783    |      2.6       |
|   560    |      2.6       |
|   1003   |      2.6       |
|   397    |      2.6       |
|   1514   |      2.6       |
|   782    |      2.6       |
|   105    | 2.59574468085  |
|   831    | 2.59259259259  |
|   623    | 2.58333333333  |
|   926    | 2.57692307692  |
|   243    | 2.57575757576  |
|   260    | 2.57317073171  |
|   1112   | 2.57142857143  |
|   983    | 2.57142857143  |
|   1276   | 2.57142857143  |
|   803    | 2.57142857143  |
|   816    | 2.57142857143  |
|   351    | 2.57142857143  |
|   1081   | 2.57142857143  |
|   1283   |     2.5625     |
|   1239   | 2.55555555556  |
|   1209   | 2.54545454545  |
|   1183   | 2.54545454545  |
|   575    | 2.54545454545  |
|   795    | 2.54545454545  |
|   422    | 2.53846153846  |
|   540    | 2.53571428571  |
|   775    | 2.53333333333  |
|   1034   | 2.53333333333  |
|   779    | 2.53333333333  |
|   877    | 2.52941176471  |
|   1228   | 2.52777777778  |
|   358    | 2.52747252747  |
|   719    | 2.52380952381  |
|    80    | 2.52173913043  |
|   450    |      2.52      |
|   254    | 2.51162790698  |
|   1454   |      2.5       |
|   1342   |      2.5       |
|   1331   |      2.5       |
|   1031   |      2.5       |
|   1471   |      2.5       |
|   891    |      2.5       |
|   1234   |      2.5       |
|   767    |      2.5       |
|   706    |      2.5       |
|   818    |      2.5       |
|   1436   |      2.5       |
|   1662   |      2.5       |
|   839    |      2.5       |
|    37    |      2.5       |
|   1664   |      2.5       |
|   1544   |      2.5       |
|   1275   |      2.5       |
|   799    |      2.5       |
|   1438   |      2.5       |
|   1182   |      2.5       |
|   1496   |      2.5       |
|   1212   |      2.5       |
|   1416   |      2.5       |
|   1252   |      2.5       |
|   1321   |      2.5       |
|   1155   |      2.5       |
|   726    |      2.5       |
|   998    |      2.5       |
|   1026   |      2.5       |
|   1213   |      2.5       |
|   1585   |      2.5       |
|   1385   |      2.5       |
|   1658   |      2.5       |
|   1361   |      2.5       |
|   1289   |      2.5       |
|   1413   |      2.5       |
|   1013   |      2.5       |
|   871    |      2.5       |
|   1146   |      2.5       |
|   110    |      2.5       |
|   832    |      2.5       |
|   1304   |      2.5       |
|   977    | 2.48387096774  |
|   145    | 2.47826086957  |
|   1132   | 2.47058823529  |
|   551    | 2.47058823529  |
|   1090   | 2.47058823529  |
|   683    |    2.46875     |
|   681    | 2.46666666667  |
|   1030   | 2.45454545455  |
|   1210   | 2.45454545455  |
|   407    | 2.44827586207  |
|   680    |  2.4347826087  |
|   1079   | 2.43333333333  |
|   556    | 2.42857142857  |
|   1249   | 2.42857142857  |
|   325    | 2.42857142857  |
|   1253   | 2.42857142857  |
|    36    | 2.42857142857  |
|   1072   | 2.42857142857  |
|   771    | 2.42105263158  |
|   112    | 2.41666666667  |
|   933    | 2.41666666667  |
|   388    | 2.41176470588  |
|   122    | 2.41176470588  |
|   994    |      2.4       |
|   1001   |      2.4       |
|   454    |      2.4       |
|   1291   |      2.4       |
|   548    |      2.4       |
|   374    |      2.4       |
|   1311   |      2.4       |
|   666    |      2.4       |
|   1164   |      2.4       |
|   1434   |      2.4       |
|   1522   |      2.4       |
|    78    | 2.39130434783  |
|   120    | 2.38235294118  |
|   1314   |     2.375      |
|    35    |     2.375      |
|   1088   |     2.375      |
|   667    |     2.375      |
|   1425   |     2.375      |
|   1178   | 2.35714285714  |
|   1444   | 2.35714285714  |
|   1049   | 2.35294117647  |
|   412    | 2.34545454545  |
|   1382   | 2.33333333333  |
|   1216   | 2.33333333333  |
|   1508   | 2.33333333333  |
|   1100   | 2.33333333333  |
|   1303   | 2.33333333333  |
|   1376   | 2.33333333333  |
|   1092   | 2.33333333333  |
|   446    | 2.33333333333  |
|   1052   | 2.33333333333  |
|   1608   | 2.33333333333  |
|   1082   | 2.33333333333  |
|   1322   | 2.33333333333  |
|   130    | 2.33333333333  |
|   1242   | 2.33333333333  |
|   1465   | 2.33333333333  |
|   1227   | 2.33333333333  |
|   542    | 2.33333333333  |
|   893    | 2.33333333333  |
|   456    | 2.32258064516  |
|   406    |      2.32      |
|   571    |     2.3125     |
|   991    | 2.30769230769  |
|   1023   |      2.3       |
|   1224   | 2.28571428571  |
|   1300   | 2.28571428571  |
|   940    | 2.28571428571  |
|   1255   | 2.28571428571  |
|   908    | 2.28571428571  |
|   914    | 2.28571428571  |
|   398    | 2.26666666667  |
|   1527   |      2.25      |
|   894    |      2.25      |
|   1316   |      2.25      |
|   1441   |      2.25      |
|   563    |      2.25      |
|   1151   |      2.25      |
|   1439   |      2.25      |
|    34    |      2.25      |
|   1054   |      2.25      |
|   598    |      2.25      |
|   1489   |      2.25      |
|   1423   |      2.25      |
|   687    | 2.24390243902  |
|   988    | 2.22222222222  |
|   1076   | 2.22222222222  |
|   1057   | 2.21428571429  |
|   1185   | 2.21428571429  |
|   593    |      2.2       |
|   920    |      2.2       |
|   700    |      2.2       |
|   352    |     2.1875     |
|   1140   | 2.18181818182  |
|   997    | 2.18181818182  |
|   1089   | 2.17857142857  |
|   1087   | 2.16666666667  |
|   1480   | 2.16666666667  |
|   1540   | 2.16666666667  |
|   1181   | 2.16666666667  |
|   1305   | 2.16666666667  |
|    18    | 2.16666666667  |
|   1399   | 2.16666666667  |
|   1437   |     2.125      |
|   1232   |     2.125      |
|   1407   | 2.11111111111  |
|   1419   | 2.11111111111  |
|   834    | 2.11111111111  |
|   577    | 2.11111111111  |
|   901    |      2.1       |
|   931    |      2.1       |
|   1037   | 2.07692307692  |
|   590    | 2.07692307692  |
|   564    | 2.05882352941  |
|   383    | 2.05263157895  |
|   948    |    2.03125     |
|   1414   |      2.0       |
|   1106   |      2.0       |
|   1680   |      2.0       |
|   1360   |      2.0       |
|   1672   |      2.0       |
|   1083   |      2.0       |
|   1470   |      2.0       |
|   1476   |      2.0       |
|   1096   |      2.0       |
|   1532   |      2.0       |
|   1179   |      2.0       |
|   1290   |      2.0       |
|   1424   |      2.0       |
|   1214   |      2.0       |
|   1551   |      2.0       |
|   1387   |      2.0       |
|   1027   |      2.0       |
|   1624   |      2.0       |
|   1487   |      2.0       |
|   1323   |      2.0       |
|   911    |      2.0       |
|   1606   |      2.0       |
|   1556   |      2.0       |
|   353    |      2.0       |
|   817    |      2.0       |
|   1272   |      2.0       |
|   1523   |      2.0       |
|   1461   |      2.0       |
|   862    |      2.0       |
|   1669   |      2.0       |
|   1347   |      2.0       |
|   1477   |      2.0       |
|   1648   |      2.0       |
|   1177   |      2.0       |
|   1383   |      2.0       |
|   1246   |      2.0       |
|   1392   |      2.0       |
|   861    |      2.0       |
|   1254   |      2.0       |
|   1481   |      2.0       |
|   1588   |      2.0       |
|   1513   |      2.0       |
|   1257   |      2.0       |
|   1165   |      2.0       |
|   1184   |      2.0       |
|   1610   |      2.0       |
|   247    |      2.0       |
|   1337   |      2.0       |
|   1365   |      2.0       |
|   791    |      2.0       |
|   1605   |      2.0       |
|   1332   |      2.0       |
|   1589   |      2.0       |
|   1479   |      2.0       |
|   885    |      2.0       |
|   1259   |      2.0       |
|   1409   |      2.0       |
|   1393   |      2.0       |
|   375    |      2.0       |
|   1609   |      2.0       |
|   1517   |      2.0       |
|   1207   |      2.0       |
|   1578   |      2.0       |
|   1666   |      2.0       |
|   890    |    1.96875     |
|   1215   | 1.94736842105  |
|   1230   | 1.91666666667  |
|   1029   |      1.9       |
|   545    | 1.88888888889  |
|   377    |     1.875      |
|   574    | 1.85714285714  |
|   453    | 1.85714285714  |
|   457    | 1.85714285714  |
|   263    | 1.83333333333  |
|   1336   | 1.83333333333  |
|   1415   |      1.8       |
|   860    |      1.8       |
|   368    | 1.76470588235  |
|   1534   |      1.75      |
|   1250   |      1.75      |
|   669    |      1.75      |
|   981    |      1.75      |
|   758    | 1.73333333333  |
|   103    | 1.72727272727  |
|   743    |      1.72      |
|   1002   | 1.71428571429  |
|   688    | 1.71428571429  |
|   788    | 1.66666666667  |
|   1652   | 1.66666666667  |
|   1102   | 1.66666666667  |
|   910    | 1.66666666667  |
|   1384   | 1.66666666667  |
|   1509   | 1.66666666667  |
|   1274   | 1.66666666667  |
|   1319   | 1.66666666667  |
|   1530   | 1.66666666667  |
|   1442   | 1.66666666667  |
|   1394   |      1.6       |
|   1247   |      1.6       |
|   1552   |      1.5       |
|   1371   |      1.5       |
|   1420   |      1.5       |
|   1644   |      1.5       |
|   1502   |      1.5       |
|   442    |      1.5       |
|   1622   |      1.5       |
|   1162   |      1.5       |
|   1549   |      1.5       |
|   1351   |      1.5       |
|   1307   |      1.5       |
|   104    |      1.5       |
|   440    | 1.42857142857  |
|   555    |      1.4       |
|   976    |      1.4       |
|   424    |      1.4       |
|   668    | 1.33333333333  |
|   1287   | 1.33333333333  |
|   1598   | 1.33333333333  |
|   1317   | 1.33333333333  |
|   438    | 1.16666666667  |
|   1330   |      1.0       |
|   913    |      1.0       |
|   1559   |      1.0       |
|   1574   |      1.0       |
|   1343   |      1.0       |
|   1583   |      1.0       |
|   1395   |      1.0       |
|   1292   |      1.0       |
|   1488   |      1.0       |
|   1364   |      1.0       |
|   1576   |      1.0       |
|   1412   |      1.0       |
|   1320   |      1.0       |
|   1587   |      1.0       |
|   897    |      1.0       |
|   1308   |      1.0       |
|   830    |      1.0       |
|   907    |      1.0       |
|   1659   |      1.0       |
|   1654   |      1.0       |
|   1494   |      1.0       |
|   858    |      1.0       |
|   1348   |      1.0       |
|   439    |      1.0       |
|   1566   |      1.0       |
|   1430   |      1.0       |
|   1372   |      1.0       |
|   1334   |      1.0       |
|   1567   |      1.0       |
|   1584   |      1.0       |
|   784    |      1.0       |
|   1568   |      1.0       |
|   1175   |      1.0       |
|   1363   |      1.0       |
|   777    |      1.0       |
|   1340   |      1.0       |
|   1391   |      1.0       |
|   1564   |      1.0       |
|   437    |      1.0       |
|   1350   |      1.0       |
|   1327   |      1.0       |
|   1580   |      1.0       |
|   1671   |      1.0       |
|   1432   |      1.0       |
|   1349   |      1.0       |
|   957    |      1.0       |
|   1373   |      1.0       |
|   1562   |      1.0       |
|   1621   |      1.0       |
|   1577   |      1.0       |
|   1546   |      1.0       |
|   1377   |      1.0       |
|   1601   |      1.0       |
|   1575   |      1.0       |
|   1661   |      1.0       |
|   1618   |      1.0       |
|   1557   |      1.0       |
|   1374   |      1.0       |
|   1573   |      1.0       |
|   1561   |      1.0       |
|   1581   |      1.0       |
|   314    |      1.0       |
|   1626   |      1.0       |
|   1359   |      1.0       |
|   1408   |      1.0       |
|   1493   |      1.0       |
|   1341   |      1.0       |
+----------+----------------+
0
